#forward BM1032 to GCP-11

BM1032 0.660 0.637 0.613       1.815
TP01 1.281 1.208 1.136 1.403 1.368 1.332
TP02 1.746 1.430 1.114 1.349 1.251 1.152
TP03 1.699 1.400 1.102 1.719 1.420 1.120
TP04 1.578 1.239 0.900 1.600 1.309 1.018
TP05 1.605 1.260 0.914 1.550 1.228 0.904
TP06 1.490 1.261 1.032 1.711 1.344 0.978
TP07 1.723 1.382 1.042 1.428 1.225 1.024
TP08 1.520 1.299 1.079 1.656 1.300 0.945
GCP-11                        1.723 1.506 1.291

#backward GCP-11 to BM1032
GCP-11 1.788 1.575 1.362
TP01 1.584 1.318 1.051 1.584 1.368 1.152
TP02 1.593 1.258 0.922 1.572 1.300 1.028
TP03 1.700 1.417 1.132 1.730 1.386 1.044
TP04 1.548 1.334 1.122 1.625 1.350 1.075
TP05 1.619 1.318 1.018 1.632 1.381 1.129
TP06 1.538 1.253 0.968 1.509 1.229 0.949
TP07 1.494 1.273 1.052 1.654 1.359 1.062
TP08 1.548 1.499 1.449 1.615 1.413 1.21
TP09 1.357 1.326 1.295 1.360 1.323 1.285
BM1032                        0.655 0.626 0.598

 









