

#forward GCP-11 to BMSLQ
GCP-11 1.881 1.657 1.431      0.980
GCP-12 1.689 1.381 1.072 1.858 1.650 1.442
TP01 1.530 1.383 1.234 1.871 1.576 1.282
GCP-10 1.713 1.472 1.231 1.633 1.462 1.290
TP02 1.752 1.616 1.482 1.628 1.415 1.202
GCP-03 1.781 1.561 1.340 1.610 1.457 1.304
TP03 1.501 1.342 1.185 1.740 1.531 1.322
GCP-07 1.660 1.549 1.438 1.409 1.242 1.075
BMSLQ                         1.710 1.556 1.401

#backward BMSLQ to GCP-11
BMSLQ 1.550 1.402 1.253
GCP-07 1.438 1.270 1.102 1.512 1.396 1.279
TP01 1.700 1.518 1.334 1.544 1.369 1.194
GCP-03 1.608 1.468 1.327 1.782 1.548 1.314
TP02 1.714 1.479 1.242 1.769 1.635 1.501
GCP-10 1.674 1.499 1.322 1.763 1.527 1.290
TP03 1.939 1.632 1.325 1.560 1.417 1.274
GCP-12 1.925 1.662 1.401 1.733 1.438 1.141
GCP-11                        1.901 1.668 1.434
