#################################### FWD ####################################
        Sta    bsU    bsM    bsL    fsU    fsM    fsL  bsMean  fsMean
0   BM-1031  1.111  0.842  0.571    NaN    NaN    NaN   0.841     NaN
1       TP1  1.880  1.580  1.280  1.825  1.552  1.281   1.580   1.553
2       TP2  2.260  1.880  1.500  1.770  1.445  1.120   1.880   1.445
3       TP3  1.647  1.403  1.160  2.090  1.770  1.450   1.403   1.770
4      BM-C  1.690  1.252  0.820  1.580  1.330  1.080   1.254   1.330
5       TP4  1.758  1.423  1.087  1.905  1.483  1.062   1.423   1.483
6       TP5  1.985  1.722  1.461  1.735  1.385  1.025   1.723   1.382
7       TP6  1.718  1.402  1.085  1.620  1.372  1.126   1.402   1.373
8       TP7  1.670  1.463  1.255  1.875  1.555  1.237   1.463   1.556
9       TP8  1.598  1.416  1.235  1.708  1.481  1.255   1.416   1.481
10     BM-B  1.635  1.283  0.930  1.615  1.429  1.242   1.283   1.429
11      TP9  1.799  1.425  1.053  1.840  1.462  1.085   1.426   1.462
12     TP10  1.822  1.460  1.100  1.827  1.442  1.058   1.461   1.442
13     TP11  1.755  1.425  1.095  1.785  1.402  1.020   1.425   1.402
14     TP12  1.867  1.460  1.052  1.741  1.425  1.109   1.460   1.425
15   BM-945    NaN    NaN    NaN  1.820  1.442  1.063     NaN   1.442
        Sta  bsUMML bsUMMLw  fsUMML fsUMMLw  bsDIST  fsDIST  bsfsDIST bsfsDISTw  accuDIST accuDISTw
0   BM-1031   0.002             NaN            54.0     NaN       NaN                 NaN          
1       TP1   0.000           0.002            60.0    54.4       0.4                 0.4          
2       TP2   0.000           0.000            76.0    65.0       5.0                 5.4          
3       TP3   0.001           0.000            48.7    64.0      12.0         *       6.6          
4      BM-C   0.006       *   0.000            87.0    50.0       1.3                 5.3          
5       TP4   0.001           0.001            67.1    84.3       2.7                 8.0          
6       TP5   0.002           0.010       *    52.4    71.0       3.9                 4.1          
7       TP6   0.001           0.002            63.3    49.4       3.0                 7.1          
8       TP7   0.001           0.002            41.5    63.8       0.5                 6.6          
9       TP8   0.001           0.001            36.3    45.3       3.8                 2.8          
10     BM-B   0.001           0.001            70.5    37.3       1.0                 1.8          
11      TP9   0.002           0.001            74.6    75.5       5.0                 3.2          
12     TP10   0.002           0.001            72.2    76.9       2.3                 5.5          
13     TP11   0.000           0.001            66.0    76.5       4.3                 9.8          
14     TP12   0.001           0.000            81.5    63.2       2.8                 7.0          
15   BM-945     NaN           0.001             NaN    75.7       5.8                 1.2          
        Sta  bsMean  fsMean  Height
0   BM-1031   0.841     NaN   0.000
1       TP1   1.580   1.553  -0.711
2       TP2   1.880   1.445  -0.576
3       TP3   1.403   1.770  -0.466
4      BM-C   1.254   1.330  -0.393
5       TP4   1.423   1.483  -0.622
6       TP5   1.723   1.382  -0.581
7       TP6   1.402   1.373  -0.231
8       TP7   1.463   1.556  -0.385
9       TP8   1.416   1.481  -0.404
10     BM-B   1.283   1.429  -0.416
11      TP9   1.426   1.462  -0.596
12     TP10   1.461   1.442  -0.613
13     TP11   1.425   1.402  -0.554
14     TP12   1.460   1.425  -0.554
15   BM-945     NaN   1.442  -0.536
#################################### BWD ####################################
        Sta    bsU    bsM    bsL    fsU    fsM    fsL  bsMean  fsMean
0    BM-945  1.820  1.442  1.063    NaN    NaN    NaN   1.442     NaN
1      TP13  1.700  1.370  1.050  1.867  1.460  1.052   1.373   1.460
2      TP14  1.740  1.360  0.982  1.690  1.370  1.050   1.361   1.370
3      TP15  1.780  1.377  0.975  1.765  1.400  1.037   1.377   1.401
4      TP16  1.715  1.350  0.987  1.710  1.350  0.990   1.351   1.350
5      BM-B  1.561  1.375  1.187  1.560  1.195  0.830   1.374   1.195
6      TP17  1.550  1.330  1.110  1.542  1.360  1.180   1.330   1.361
7      TP18  1.787  1.469  1.150  1.525  1.310  1.095   1.469   1.310
8      TP19  1.579  1.358  1.138  1.670  1.320  0.970   1.358   1.320
9      TP20  1.670  1.340  1.010  1.980  1.714  1.450   1.340   1.715
10     TP21  2.045  1.605  1.165  1.700  1.370  1.040   1.605   1.370
11     BM-C  1.585  1.292  1.000  1.813  1.380  0.945   1.292   1.379
12     TP22  1.630  1.475  1.320  1.623  1.345  1.068   1.475   1.345
13     TP23  2.040  1.653  1.265  1.960  1.770  1.580   1.653   1.770
14     TP24  1.570  1.335  1.100  1.830  1.470  1.110   1.335   1.470
15     TP25  1.790  1.645  1.500  1.780  1.575  1.370   1.645   1.575
16  BM-1031    NaN    NaN    NaN  1.035  0.840  0.645     NaN   0.840
        Sta  bsUMML bsUMMLw  fsUMML fsUMMLw  bsDIST  fsDIST  bsfsDIST bsfsDISTw  accuDIST accuDISTw
0    BM-945   0.001             NaN            75.7     NaN       NaN                 NaN          
1      TP13   0.010       *   0.001            65.0    81.5       5.8                 5.8          
2      TP14   0.002           0.000            75.8    64.0       1.0                 4.8          
3      TP15   0.001           0.002            80.5    72.8       3.0                 1.8          
4      TP16   0.002           0.000            72.8    72.0       8.5                 6.7          
5      BM-B   0.002           0.000            37.4    73.0       0.2                 6.5          
6      TP17   0.000           0.002            44.0    36.2       1.2                 7.7          
7      TP18   0.001           0.000            63.7    43.0       1.0                 8.7          
8      TP19   0.001           0.000            44.1    70.0       6.3                 2.4          
9      TP20   0.000           0.002            66.0    53.0       8.9                 6.5          
10     TP21   0.000           0.000            88.0    66.0       0.0                 6.5          
11     BM-C   0.001           0.002            58.5    86.8       1.2                 5.3          
12     TP22   0.000           0.001            31.0    55.5       3.0                 2.3          
13     TP23   0.001           0.000            77.5    38.0       7.0                 9.3          
14     TP24   0.000           0.000            47.0    72.0       5.5                 3.8          
15     TP25   0.000           0.000            29.0    41.0       6.0                 2.2          
16  BM-1031     NaN           0.000             NaN    39.0      10.0                 7.8          
        Sta  bsMean  fsMean  Height
0    BM-945   1.442     NaN  -0.536
1      TP13   1.373   1.460  -0.554
2      TP14   1.361   1.370  -0.551
3      TP15   1.377   1.401  -0.591
4      TP16   1.351   1.350  -0.564
5      BM-B   1.374   1.195  -0.408
6      TP17   1.330   1.361  -0.394
7      TP18   1.469   1.310  -0.374
8      TP19   1.358   1.320  -0.226
9      TP20   1.340   1.715  -0.582
10     TP21   1.605   1.370  -0.612
11     BM-C   1.292   1.379  -0.386
12     TP22   1.475   1.345  -0.439
13     TP23   1.653   1.770  -0.734
14     TP24   1.335   1.470  -0.552
15     TP25   1.645   1.575  -0.792
16  BM-1031     NaN   0.840   0.013
################# Loop Breaking #################
      Sta1    Sta2  FWD_diff  BWD_diff  Loop_diff  Loop_LIMIT WARN  FWD_dist  BWD_dist  Loop_dist
0  BM-1031    BM-C    -0.393     0.400      0.007       0.008          472.1     488.5     480.30
1     BM-C    BM-B    -0.023     0.022      0.002       0.010          698.7     698.2     698.45
2     BM-B  BM-945    -0.120     0.128      0.008       0.010          732.6     733.1     732.85
#################### Summary ####################
FWD levelling line "BM-1031" to "BM-945"
FWD levelling dist  : 1,903.400 m.
FWD difference      : -0.536 m.
BWD levelling line "BM-945" to "BM-1031"
BWD levelling dist  : 1,919.800 m.
BWD difference      : +0.550 m.
Average levelling dist : 1,911.600 m.
Loop closure LITMIT : 0.017 m.
Loop closure        : 0.013 m. 
mean difference     : -0.543 m.
#################### end of DiffLev.py #####################
