#################################### FWD ####################################
       Sta    bsU    bsM    bsL    fsU    fsM    fsL  bsMean  fsMean
0   BM1031  1.315  1.100  0.885    NaN    NaN    NaN   1.100     NaN
1      TP1  1.690  1.429  1.168  1.660  1.430  1.202   1.429   1.431
2      TP2  1.740  1.410  1.090  1.680  1.349  1.119   1.413   1.383
3      TP3  1.999  1.868  1.738  1.940  1.575  1.210   1.868   1.575
4      TP4  1.800  1.510  1.220  1.770  1.610  1.450   1.510   1.610
5     BM-C  1.631  1.334  1.038  1.638  1.370  1.100   1.334   1.369
6      TP5  1.910  1.540  1.168  1.850  1.550  1.251   1.539   1.550
7      TP6  1.789  1.395  0.999  1.722  1.368  1.013   1.394   1.368
8      TP7  1.751  1.545  1.339  1.800  1.400  1.000   1.545   1.400
9      TP8  1.695  1.425  1.157  1.699  1.488  1.278   1.426   1.488
10     TP9  1.709  1.511  1.311  1.729  1.440  1.150   1.510   1.440
11    BM-B  1.725  1.547  1.368  1.698  1.522  1.347   1.547   1.522
12    TP10  1.805  1.553  1.301  1.317  1.131  0.944   1.553   1.131
13    TP11  1.753  1.517  1.280  2.448  2.203  1.958   1.517   2.203
14    TP12  1.679  1.465  1.252  1.694  1.492  1.291   1.465   1.492
15    TP13  1.703  1.433  1.165  1.607  1.426  1.243   1.434   1.425
16    TP14  1.668  1.471  1.272  1.671  1.439  1.206   1.470   1.439
17    TP15  1.682  1.510  1.337  1.623  1.451  1.266   1.510   1.447
18    TP16  1.919  1.583  1.248  1.650  1.439  1.227   1.583   1.439
19   BM945    NaN    NaN    NaN  1.868  1.505  1.146     NaN   1.506
       Sta  bsUMML bsUMMLw  fsUMML fsUMMLw  bsDIST  fsDIST  bsfsDIST bsfsDISTw  accuDIST accuDISTw
0   BM1031   0.000             NaN            43.0     NaN       NaN                 NaN          
1      TP1   0.000           0.002            52.2    45.8       2.8                 2.8          
2      TP2   0.010       *   0.101       *    65.0    56.1       3.9                 6.7          
3      TP3   0.001           0.000            26.1    73.0       8.0                14.7          
4      TP4   0.000           0.000            58.0    32.0       5.9                20.6         *
5     BM-C   0.001           0.002            59.3    53.8       4.2                16.4          
6      TP5   0.002           0.001            74.2    59.9       0.6                17.0          
7      TP6   0.002           0.001            79.0    70.9       3.3                13.7          
8      TP7   0.000           0.000            41.2    80.0       1.0                14.7          
9      TP8   0.002           0.001            53.8    42.1       0.9                15.6          
10     TP9   0.002           0.001            39.8    57.9       4.1                19.7          
11    BM-B   0.001           0.001            35.7    35.1       4.7                15.0          
12    TP10   0.000           0.001            50.4    37.3       1.6                16.6          
13    TP11   0.001           0.000            47.3    49.0       1.4                15.2          
14    TP12   0.001           0.001            42.7    40.3       7.0                 8.2          
15    TP13   0.002           0.002            53.8    36.4       6.3                 1.9          
16    TP14   0.002           0.001            39.6    46.5       7.3                 5.4          
17    TP15   0.001           0.013       *    34.5    35.7       3.9                 9.3          
18    TP16   0.001           0.001            67.1    42.3       7.8                 1.5          
19   BM945     NaN           0.004       *     NaN    72.2       5.1                 3.6          
       Sta  bsMean  fsMean  Height
0   BM1031   1.100     NaN   0.000
1      TP1   1.429   1.431  -0.331
2      TP2   1.413   1.383  -0.284
3      TP3   1.868   1.575  -0.446
4      TP4   1.510   1.610  -0.188
5     BM-C   1.334   1.369  -0.047
6      TP5   1.539   1.550  -0.263
7      TP6   1.394   1.368  -0.091
8      TP7   1.545   1.400  -0.097
9      TP8   1.426   1.488  -0.040
10     TP9   1.510   1.440  -0.054
11    BM-B   1.547   1.522  -0.066
12    TP10   1.553   1.131   0.350
13    TP11   1.517   2.203  -0.300
14    TP12   1.465   1.492  -0.276
15    TP13   1.434   1.425  -0.236
16    TP14   1.470   1.439  -0.241
17    TP15   1.510   1.447  -0.217
18    TP16   1.583   1.439  -0.146
19   BM945     NaN   1.506  -0.069
#################################### BWD ####################################
       Sta    bsU    bsM    bsL    fsU    fsM    fsL  bsMean  fsMean
0    BM945  1.878  1.518  1.156    NaN    NaN    NaN   1.517     NaN
1     TP17  1.718  1.449  1.179  1.919  1.583  1.248   1.449   1.583
2     TP18  1.662  1.433  1.204  1.720  1.419  1.120   1.433   1.420
3     TP19  1.803  1.418  1.032  1.753  1.482  1.211   1.418   1.482
4     TP20  2.000  1.665  1.330  1.792  1.443  1.092   1.665   1.442
5     BM-B  1.698  1.462  1.224  1.952  1.643  1.332   1.461   1.642
6     TP21  1.765  1.404  1.042  1.570  1.304  1.039   1.404   1.304
7     TP22  1.700  1.435  1.171  1.692  1.368  1.043   1.435   1.368
8     TP23  1.735  1.455  1.173  1.825  1.572  1.320   1.454   1.572
9     TP24  1.744  1.445  1.147  1.665  1.370  1.073   1.445   1.369
10    TP25  1.638  1.310  0.984  1.758  1.442  1.125   1.311   1.442
11    BM-C  1.685  1.468  1.249  1.743  1.446  1.150   1.467   1.446
12    TP26  1.559  1.299  1.038  1.589  1.325  1.061   1.299   1.325
13    TP27  1.835  1.680  1.523  1.700  1.400  1.100   1.679   1.400
14    TP28  1.883  1.497  1.113  2.060  1.925  1.790   1.498   1.925
15    TP29  1.502  1.288  1.073  1.660  1.324  0.988   1.288   1.324
16    TP30  1.493  1.275  1.059  1.619  1.379  1.139   1.276   1.379
17  BM1031    NaN    NaN    NaN  1.230  1.010  0.790     NaN   1.010
       Sta  bsUMML bsUMMLw  fsUMML fsUMMLw  bsDIST  fsDIST  bsfsDIST bsfsDISTw  accuDIST accuDISTw
0    BM945   0.002             NaN            72.2     NaN       NaN                 NaN          
1     TP17   0.001           0.001            53.9    67.1       5.1                 5.1          
2     TP18   0.000           0.002            45.8    60.0       6.1                 1.0          
3     TP19   0.001           0.000            77.1    54.2       8.4                 9.4          
4     TP20   0.000           0.002            67.0    70.0       7.1                 2.3          
5     BM-B   0.002           0.002            47.4    62.0       5.0                 2.7          
6     TP21   0.001           0.001            72.3    53.1       5.7                 3.0          
7     TP22   0.001           0.001            52.9    64.9       7.4                 4.4          
8     TP23   0.002           0.001            56.2    50.5       2.4                 6.8          
9     TP24   0.001           0.002            59.7    59.2       3.0                 3.8          
10    TP25   0.002           0.001            65.4    63.3       3.6                 0.2          
11    BM-C   0.002           0.001            43.6    59.3       6.1                 6.3          
12    TP26   0.001           0.000            52.1    52.8       9.2                 2.9          
13    TP27   0.002           0.000            31.2    60.0       7.9                10.8          
14    TP28   0.002           0.000            77.0    27.0       4.2                 6.6          
15    TP29   0.001           0.000            42.9    67.2       9.8                 3.2          
16    TP30   0.002           0.000            43.4    48.0       5.1                 1.9          
17  BM1031     NaN           0.000             NaN    44.0       0.6                 2.5          
       Sta  bsMean  fsMean  Height
0    BM945   1.517     NaN  -0.069
1     TP17   1.449   1.583  -0.135
2     TP18   1.433   1.420  -0.106
3     TP19   1.418   1.482  -0.155
4     TP20   1.665   1.442  -0.180
5     BM-B   1.461   1.642  -0.157
6     TP21   1.404   1.304  -0.000
7     TP22   1.435   1.368   0.036
8     TP23   1.454   1.572  -0.101
9     TP24   1.445   1.369  -0.016
10    TP25   1.311   1.442  -0.013
11    BM-C   1.467   1.446  -0.148
12    TP26   1.299   1.325  -0.006
13    TP27   1.679   1.400  -0.107
14    TP28   1.498   1.925  -0.353
15    TP29   1.288   1.324  -0.179
16    TP30   1.276   1.379  -0.271
17  BM1031     NaN   1.010  -0.005
################# Loop Breaking #################
     Sta1   Sta2  FWD_diff  BWD_diff  Loop_diff  Loop_Limit WARN  FWD_dist  BWD_dist  Loop_dist
0  BM1031   BM-C    -0.047     0.143      0.096       0.009    *     505.0     589.2     547.10
1    BM-C   BM-B    -0.019     0.009      0.010       0.010    *     693.2     704.2     698.70
2    BM-B  BM945    -0.003    -0.088      0.085       0.010    *     730.8     629.3     680.05
#################### Summary ####################
FWD levelling line "BM1031" to "BM945"
FWD levelling dist  : 1,929.000 m.
FWD difference      : -0.069 m.
BWD levelling line "BM945" to "BM1031"
BWD levelling dist  : 1,922.700 m.
BWD difference      : +0.064 m.
Average levelling dist : 1,925.850 m.
Loop closure limit  : 0.017 m.
Loop closure        : 0.005 m. 
mean difference     : -0.067 m.
********* end of DiffLev.py **********
