#################################### FWD ####################################
        Sta    bsU    bsM    bsL    fsU    fsM    fsL  bsMean  fsMean
0   BM-1031  1.165  0.848  0.530    NaN    NaN    NaN   0.848     NaN
1       TP1  1.365  1.070  0.774  1.798  1.502  1.208   1.070   1.503
2       TP2  1.968  1.644  1.320  1.357  1.030  0.704   1.644   1.030
3       TP3  1.570  1.240  0.910  1.780  1.449  1.119   1.240   1.449
4       TP4  2.182  1.844  1.505  1.613  1.277  0.939   1.844   1.276
5       TP5  2.064  1.745  1.428  2.179  1.870  1.563   1.746   1.871
6       TP6  1.732  1.524  1.315  1.897  1.580  1.265   1.524   1.581
7      BM-C  1.613  1.412  1.211  1.674  1.473  1.272   1.412   1.473
8       TP7  1.485  1.253  1.023  1.908  1.678  1.447   1.254   1.678
9       TP8  1.778  1.522  1.268  1.465  1.209  0.952   1.523   1.209
10      TP9  1.791  1.560  1.328  1.727  1.498  1.267   1.560   1.497
11     TP10  1.835  1.572  1.310  1.722  1.463  1.203   1.572   1.463
12     TP11  1.670  1.425  1.180  1.581  1.339  1.096   1.425   1.339
13     TP12  1.605  1.345  1.084  1.622  1.364  1.105   1.345   1.364
14     TP13  1.607  1.372  1.139  1.584  1.348  1.112   1.373   1.348
15     TP14  1.591  1.320  1.048  1.620  1.348  1.075   1.320   1.348
16     TP15  1.580  1.315  1.050  1.569  1.319  1.069   1.315   1.319
17     TP16  1.568  1.325  1.081  1.620  1.368  1.117   1.325   1.368
18     TP17  1.588  1.329  1.070  1.544  1.287  1.030   1.329   1.287
19     TP18  1.617  1.361  1.107  1.604  1.358  1.110   1.362   1.357
20     TP19  1.584  1.365  1.146  1.588  1.368  1.148   1.365   1.368
21     BM-B  1.567  1.358  1.149  1.584  1.375  1.166   1.358   1.375
22     TP20  1.388  1.159  0.929  1.767  1.539  1.309   1.159   1.538
23     TP21  1.618  1.383  1.149  1.540  1.305  1.070   1.383   1.305
24     TP22  1.548  1.300  1.054  1.621  1.373  1.127   1.301   1.374
25     TP23  1.532  1.280  1.028  1.592  1.340  1.088   1.280   1.340
26     TP24  1.537  1.280  1.030  1.564  1.308  1.050   1.282   1.307
27     TP25  1.532  1.264  0.997  1.566  1.298  1.028   1.264   1.297
28     TP26  1.628  1.362  1.098  1.423  1.157  0.890   1.363   1.157
29     TP27  1.491  1.227  0.962  1.581  1.323  1.064   1.227   1.323
30     TP28  1.531  1.284  1.038  1.505  1.259  1.011   1.284   1.258
31     TP29  1.533  1.270  1.005  1.520  1.256  0.990   1.269   1.255
32     TP30  1.589  1.319  1.047  1.492  1.221  0.949   1.318   1.221
33     TP40  1.503  1.245  0.988  1.535  1.278  1.019   1.245   1.277
34     TP41  1.537  1.250  0.965  1.559  1.290  1.022   1.251   1.290
35     BM-A    NaN    NaN    NaN  1.560  1.261  0.963     NaN   1.261
        Sta  bsUMML bsUMMLw  fsUMML fsUMMLw  bsDIST  fsDIST  bsfsDIST bsfsDISTw  accuDIST accuDISTw
0   BM-1031   0.001             NaN            63.5     NaN       NaN                 NaN          
1       TP1   0.001           0.002            59.1    59.0       4.5                 4.5          
2       TP2   0.000           0.001            64.8    65.3       6.2                 1.7          
3       TP3   0.000           0.001            66.0    66.1       1.3                 3.0          
4       TP4   0.001           0.002            67.7    67.4       1.4                 4.4          
5       TP5   0.002           0.002            63.6    61.6       6.1                 1.7          
6       TP6   0.001           0.002            41.7    63.2       0.4                 2.1          
7      BM-C   0.000           0.000            40.2    40.2       1.5                 3.6          
8       TP7   0.002           0.001            46.2    46.1       5.9                 2.3          
9       TP8   0.002           0.001            51.0    51.3       5.1                 7.4          
10      TP9   0.001           0.002            46.3    46.0       5.0                 2.4          
11     TP10   0.001           0.001            52.5    51.9       5.6                 8.0          
12     TP11   0.000           0.001            49.0    48.5       4.0                 4.0          
13     TP12   0.001           0.001            52.1    51.7       2.7                 6.7          
14     TP13   0.002           0.000            46.8    47.2       4.9                 1.8          
15     TP14   0.001           0.001            54.3    54.5       7.7                 9.5          
16     TP15   0.000           0.000            53.0    50.0       4.3                 5.2          
17     TP16   0.001           0.001            48.7    50.3       2.7                 2.5          
18     TP17   0.000           0.000            51.8    51.4       2.7                 5.2          
19     TP18   0.002           0.002            51.0    49.4       2.4                 2.8          
20     TP19   0.000           0.000            43.8    44.0       7.0                 4.2          
21     BM-B   0.000           0.000            41.8    41.8       2.0                 6.2          
22     TP20   0.001           0.002            45.9    45.8       4.0                 2.2          
23     TP21   0.001           0.000            46.9    47.0       1.1                 1.1          
24     TP22   0.002           0.002            49.4    49.4       2.5                 1.4          
25     TP23   0.000           0.000            50.4    50.4       1.0                 2.4          
26     TP24   0.007       *   0.002            50.7    51.4       1.0                 3.4          
27     TP25   0.001           0.002            53.5    53.8       3.1                 6.5          
28     TP26   0.002           0.001            53.0    53.3       0.2                 6.3          
29     TP27   0.001           0.001            52.9    51.7       1.3                 5.0          
30     TP28   0.001           0.002            49.3    49.4       3.5                 1.5          
31     TP29   0.002           0.002            52.8    53.0       3.7                 5.2          
32     TP30   0.002           0.001            54.2    54.3       1.5                 6.7          
33     TP40   0.001           0.002            51.5    51.6       2.6                 4.1          
34     TP41   0.002           0.001            57.2    53.7       2.2                 6.3          
35     BM-A     NaN           0.001             NaN    59.7       2.5                 8.8          
        Sta  bsMean  fsMean  Height
0   BM-1031   0.848     NaN   0.000
1       TP1   1.070   1.503  -0.655
2       TP2   1.644   1.030  -0.616
3       TP3   1.240   1.449  -0.421
4       TP4   1.844   1.276  -0.457
5       TP5   1.746   1.871  -0.484
6       TP6   1.524   1.581  -0.319
7      BM-C   1.412   1.473  -0.269
8       TP7   1.254   1.678  -0.534
9       TP8   1.523   1.209  -0.489
10      TP9   1.560   1.497  -0.464
11     TP10   1.572   1.463  -0.367
12     TP11   1.425   1.339  -0.133
13     TP12   1.345   1.364  -0.072
14     TP13   1.373   1.348  -0.075
15     TP14   1.320   1.348  -0.050
16     TP15   1.315   1.319  -0.050
17     TP16   1.325   1.368  -0.103
18     TP17   1.329   1.287  -0.065
19     TP18   1.362   1.357  -0.094
20     TP19   1.365   1.368  -0.100
21     BM-B   1.358   1.375  -0.110
22     TP20   1.159   1.538  -0.290
23     TP21   1.383   1.305  -0.437
24     TP22   1.301   1.374  -0.427
25     TP23   1.280   1.340  -0.466
26     TP24   1.282   1.307  -0.494
27     TP25   1.264   1.297  -0.509
28     TP26   1.363   1.157  -0.401
29     TP27   1.227   1.323  -0.361
30     TP28   1.284   1.258  -0.393
31     TP29   1.269   1.255  -0.364
32     TP30   1.318   1.221  -0.315
33     TP40   1.245   1.277  -0.274
34     TP41   1.251   1.290  -0.319
35     BM-A     NaN   1.261  -0.330
#################################### BWD ####################################
        Sta    bsU    bsM    bsL    fsU    fsM    fsL  bsMean  fsMean
0      BM-A  1.724  1.301  0.879    NaN    NaN    NaN   1.301     NaN
1       TP1  1.654  1.255  0.855  1.730  1.290  0.849   1.255   1.290
2       TP2  1.928  1.542  1.158  1.634  1.235  0.838   1.543   1.236
3       TP3  1.828  1.430  1.031  2.020  1.624  1.230   1.430   1.625
4      BM-B  1.423  1.244  1.064  1.755  1.347  0.941   1.244   1.348
5       TP5  1.668  1.297  0.924  1.370  1.149  0.928   1.296   1.149
6       TP6  1.500  1.277  1.053  1.639  1.290  0.942   1.277   1.290
7       TP7  1.504  1.234  0.965  1.360  1.127  0.893   1.234   1.127
8       TP8  1.664  1.282  0.900  1.621  1.320  1.020   1.282   1.320
9       TP9  1.710  1.394  1.079  1.853  1.488  1.124   1.394   1.488
10     TP10  1.472  1.262  1.050  1.635  1.349  1.062   1.261   1.349
11     BM-C  1.591  1.307  1.021  1.488  1.255  1.023   1.306   1.255
12     TP11  1.680  1.529  1.379  1.621  1.340  1.059   1.529   1.340
13     TP12  1.843  1.441  1.039  1.830  1.724  1.618   1.441   1.724
14     TP13  1.868  1.495  1.121  1.780  1.390  1.000   1.495   1.390
15     TP14  1.505  1.471  1.438  2.100  1.704  1.310   1.471   1.705
16  BM-1031    NaN    NaN    NaN  0.704  0.670  0.637     NaN   0.670
        Sta  bsUMML bsUMMLw  fsUMML fsUMMLw  bsDIST  fsDIST  bsfsDIST bsfsDISTw  accuDIST accuDISTw
0      BM-A   0.001             NaN            84.5     NaN       NaN                 NaN          
1       TP1   0.001           0.001            79.9    88.1       3.6                 3.6          
2       TP2   0.002           0.002            77.0    79.6       0.3                 3.3          
3       TP3   0.001           0.002            79.7    79.0       2.0                 5.3          
4      BM-B   0.001           0.002            35.9    81.4       1.7                 7.0          
5       TP5   0.002           0.000            74.4    44.2       8.3                15.3          
6       TP6   0.001           0.001            44.7    69.7       4.7                10.6          
7       TP7   0.001           0.001            53.9    46.7       2.0                12.6          
8       TP8   0.000           0.001            76.4    60.1       6.2                18.8          
9       TP9   0.001           0.001            63.1    72.9       3.5                15.3          
10     TP10   0.002           0.001            42.2    57.3       5.8                 9.5          
11     BM-C   0.002           0.001            57.0    46.5       4.3                13.8          
12     TP11   0.001           0.000            30.1    56.2       0.8                13.0          
13     TP12   0.000           0.000            80.4    21.2       8.9                 4.1          
14     TP13   0.001           0.000            74.7    78.0       2.4                 1.7          
15     TP14   0.001           0.002             6.7    79.0       4.3                 6.0          
16  BM-1031     NaN           0.001             NaN     6.7       0.0                 6.0          
        Sta  bsMean  fsMean  Height
0      BM-A   1.301     NaN  -0.330
1       TP1   1.255   1.290  -0.318
2       TP2   1.543   1.236  -0.299
3       TP3   1.430   1.625  -0.381
4      BM-B   1.244   1.348  -0.299
5       TP5   1.296   1.149  -0.204
6       TP6   1.277   1.290  -0.198
7       TP7   1.234   1.127  -0.048
8       TP8   1.282   1.320  -0.134
9       TP9   1.394   1.488  -0.341
10     TP10   1.261   1.349  -0.295
11     BM-C   1.306   1.255  -0.289
12     TP11   1.529   1.340  -0.323
13     TP12   1.441   1.724  -0.517
14     TP13   1.495   1.390  -0.466
15     TP14   1.471   1.705  -0.676
16  BM-1031     NaN   0.670   0.125
################# Loop Breaking #################
      Sta1  Sta2  FWD_diff  BWD_diff  Loop_diff  Loop_Limit WARN  FWD_dist  BWD_dist  Loop_dist
0  BM-1031  BM-C    -0.269     0.414      0.145       0.010    *     849.2     490.0      669.6
1     BM-C  BM-B     0.159     0.010      0.149       0.012    *    1370.8     788.0     1079.4
2     BM-B  BM-A    -0.220     0.031      0.189       0.012    *    1434.0     649.2     1041.6
#################### Summary ####################
FWD levelling line "BM-1031" to "BM-A"
FWD levelling dist  : 3,654.000 m.
FWD difference      : -0.330 m.
BWD levelling line "BM-A" to "BM-1031"
BWD levelling dist  : 1,927.200 m.
BWD difference      : +0.454 m.
Average levelling dist : 2,790.600 m.
Loop closure limit  : 0.020 m.
Loop closure        : 0.125 m. ****
mean difference     : -0.392 m.
********* end of DiffLev.py **********
