#################################### FWD ####################################
        Sta    bsU    bsM    bsL    fsU    fsM    fsL  bsMean  fsMean
0   BM-1031  0.956  0.769  0.582    NaN    NaN    NaN   0.769     NaN
1       TP1  1.809  1.421  1.031  1.641  1.421  1.201   1.420   1.421
2       TP2  1.602  1.244  0.885  1.748  1.343  0.938   1.244   1.343
3       TP3  1.860  1.563  1.266  1.561  1.220  0.878   1.563   1.220
4      BM-C  1.958  1.562  1.165  1.682  1.417  1.151   1.562   1.417
5       TP5  1.800  1.374  0.948  1.910  1.485  1.059   1.374   1.485
6       TP6  2.011  1.698  1.383  1.784  1.364  0.944   1.697   1.364
7       TP7  1.993  1.535  1.077  1.920  1.590  1.260   1.535   1.590
8       TP8  1.682  1.510  1.340  1.898  1.482  1.067   1.511   1.482
9      BM-B  1.761  1.337  0.912  1.632  1.462  1.293   1.337   1.462
10     TP10  1.824  1.399  0.975  1.881  1.436  0.990   1.399   1.436
11     TP11  1.855  1.421  0.987  1.839  1.442  1.046   1.421   1.442
12     TP12  1.940  1.500  1.060  1.870  1.449  1.029   1.500   1.449
13     TP13  1.555  1.448  1.340  1.886  1.451  1.017   1.448   1.451
14    BM845    NaN    NaN    NaN  1.566  1.437  1.307     NaN   1.437
        Sta  bsUMML bsUMMLw  fsUMML fsUMMLw  bsDIST  fsDIST  bsfsDIST bsfsDISTw  accuDIST accuDISTw
0   BM-1031   0.000             NaN            37.4     NaN       NaN                 NaN          
1       TP1   0.002           0.000            77.8    44.0       6.6                 6.6          
2       TP2   0.001           0.000            71.7    81.0       3.2                 9.8          
3       TP3   0.000           0.001            59.4    68.3       3.4                 6.4          
4      BM-C   0.001           0.001            79.3    53.1       6.3                 0.1          
5       TP5   0.000           0.001            85.2    85.1       5.8                 5.9          
6       TP6   0.002           0.000            62.8    84.0       1.2                 4.7          
7       TP7   0.000           0.000            91.6    66.0       3.2                 7.9          
8       TP8   0.002           0.001            34.2    83.1       8.5                 0.6          
9      BM-B   0.001           0.001            84.9    33.9       0.3                 0.9          
10     TP10   0.001           0.001            84.9    89.1       4.2                 3.3          
11     TP11   0.000           0.001            86.8    79.3       5.6                 2.3          
12     TP12   0.000           0.001            88.0    84.1       2.7                 5.0          
13     TP13   0.001           0.001            21.5    86.9       1.1                 6.1          
14    BM845     NaN           0.001             NaN    25.9       4.4                 1.7          
        Sta  bsMean  fsMean  Height
0   BM-1031   0.769     NaN   0.000
1       TP1   1.420   1.421  -0.652
2       TP2   1.244   1.343  -0.575
3       TP3   1.563   1.220  -0.551
4      BM-C   1.562   1.417  -0.404
5       TP5   1.374   1.485  -0.327
6       TP6   1.697   1.364  -0.317
7       TP7   1.535   1.590  -0.210
8       TP8   1.511   1.482  -0.157
9      BM-B   1.337   1.462  -0.109
10     TP10   1.399   1.436  -0.208
11     TP11   1.421   1.442  -0.251
12     TP12   1.500   1.449  -0.279
13     TP13   1.448   1.451  -0.231
14    BM845     NaN   1.437  -0.220
#################################### BWD ####################################
        Sta    bsU    bsM    bsL    fsU    fsM    fsL  bsMean  fsMean
0     BM845  1.566  1.437  1.307    NaN    NaN    NaN   1.437     NaN
1      TP14  1.843  1.423  1.002  1.555  1.448  1.340   1.423   1.448
2      TP15  1.874  1.461  1.048  1.864  1.448  1.032   1.461   1.448
3      TP16  1.792  1.366  0.939  1.819  1.406  0.992   1.366   1.406
4      TP17  1.780  1.330  0.880  1.880  1.447  1.012   1.330   1.446
5      BM-B  1.790  1.449  1.114  1.945  1.500  1.055   1.451   1.500
6      TP18  1.731  1.489  1.245  1.783  1.449  1.114   1.488   1.449
7      TP19  1.926  1.604  1.282  1.870  1.588  1.305   1.604   1.588
8      TP20  2.101  1.663  1.223  2.050  1.720  1.389   1.662   1.720
9      TP21  1.933  1.525  1.115  1.940  1.503  1.065   1.524   1.503
10     BM-C  1.700  1.430  1.160  1.822  1.450  1.078   1.430   1.450
11     TP22  1.890  1.535  1.180  1.799  1.508  1.219   1.535   1.509
12     TP23  1.800  1.369  0.938  1.920  1.549  1.180   1.369   1.550
13     TP24  1.730  1.595  1.460  1.995  1.563  1.130   1.595   1.563
14  BM-1031    NaN    NaN    NaN  0.928  0.822  0.715     NaN   0.822
        Sta  bsUMML bsUMMLw  fsUMML fsUMMLw  bsDIST  fsDIST  bsfsDIST bsfsDISTw  accuDIST accuDISTw
0     BM845   0.001             NaN            25.9     NaN       NaN                 NaN          
1      TP14   0.001           0.001            84.1    21.5       4.4                 4.4          
2      TP15   0.000           0.000            82.6    83.2       0.9                 5.3          
3      TP16   0.001           0.001            85.3    82.7       0.1                 5.2          
4      TP17   0.000           0.002            90.0    86.8       1.5                 3.7          
5      BM-B   0.006       *   0.000            67.6    89.0       1.0                 4.7          
6      TP18   0.002           0.001            48.6    66.9       0.7                 5.4          
7      TP19   0.000           0.001            64.4    56.5       7.9                 2.5          
8      TP20   0.002           0.001            87.8    66.1       1.7                 4.2          
9      TP21   0.002           0.001            81.8    87.5       0.3                 3.9          
10     BM-C   0.000           0.000            54.0    74.4       7.4                 3.5          
11     TP22   0.000           0.002            71.0    58.0       4.0                 0.5          
12     TP23   0.000           0.002            86.2    74.0       3.0                 3.5          
13     TP24   0.000           0.001            27.0    86.5       0.3                 3.8          
14  BM-1031     NaN           0.001             NaN    21.3       5.7                 1.9          
        Sta  bsMean  fsMean  Height
0     BM845   1.437     NaN  -0.220
1      TP14   1.423   1.448  -0.231
2      TP15   1.461   1.448  -0.256
3      TP16   1.366   1.406  -0.201
4      TP17   1.330   1.446  -0.281
5      BM-B   1.451   1.500  -0.451
6      TP18   1.488   1.449  -0.449
7      TP19   1.604   1.588  -0.548
8      TP20   1.662   1.720  -0.664
9      TP21   1.524   1.503  -0.504
10     BM-C   1.430   1.450  -0.430
11     TP22   1.535   1.509  -0.509
12     TP23   1.369   1.550  -0.523
13     TP24   1.595   1.563  -0.717
14  BM-1031     NaN   0.822   0.056
################# Loop Breaking #################
      Sta1   Sta2  FWD_diff  BWD_diff  Loop_diff  Loop_Limit WARN  FWD_dist  BWD_dist  Loop_dist
0  BM-1031   BM-C    -0.404     0.486      0.082       0.008    *     492.7     478.0     485.35
1     BM-C   BM-B     0.295     0.021      0.274       0.010    *     705.2     701.6     703.40
2     BM-B  BM845    -0.111    -0.232      0.121       0.010    *     731.4     731.1     731.25
#################### Summary ####################
FWD levelling line "BM-1031" to "BM845"
FWD levelling dist  : 1,929.300 m.
FWD difference      : -0.220 m.
BWD levelling line "BM845" to "BM-1031"
BWD levelling dist  : 1,910.700 m.
BWD difference      : +0.276 m.
Average levelling dist : 1,920.000 m.
Loop closure limit  : 0.017 m.
Loop closure        : 0.056 m. ****
mean difference     : -0.248 m.
********* end of DiffLev.py **********
